FG3A:34.2285714286
gamesPlayed:35
AST:22.342857143
STL:6.45714285715
PTS:107.085714286
TOV:14.9142857143
FG3M:11.6857142858
OREB:10.4000000001
FTA:25.0571428571
FGM:38.3428571427
BLK:4.00000000001
WINS:12
REB:45.1428571429
DREB:34.742857143
FTM:18.7142857141
FGA:86.9142857142
