FG3A:30.9473684211
gamesPlayed:38
AST:22.2105263155
STL:7.44736842104
PTS:103.342105264
TOV:13.2894736843
FG3M:11.7894736843
OREB:8.94736842108
FTA:21.2105263157
FGM:37.6052631578
BLK:4.3947368421
WINS:29
REB:43.8684210525
DREB:34.9210526316
FTM:16.3421052631
FGA:83.2105263155
