FG3A:30.2352941177
gamesPlayed:34
AST:23.3823529413
STL:7.73529411765
PTS:106.794117647
TOV:15.1764705882
FG3M:11.0588235292
OREB:11.8823529412
FTA:21.5294117647
FGM:39.9117647058
BLK:4.55882352943
WINS:19
REB:45.3529411765
DREB:33.4705882352
FTM:15.9117647059
FGA:86.088235294
