FG3A:29.1562500001
gamesPlayed:32
AST:22.0312499999
STL:7.8125
PTS:103.1875
TOV:13.4687499999
FG3M:11.15625
OREB:10.8125
FTA:19.2500000001
FGM:38.71875
BLK:3.31250000001
WINS:19
REB:42.84375
DREB:32.0312499999
FTM:14.5937500001
FGA:86.3125
