FG3A:30.2571428571
gamesPlayed:35
AST:29.8000000001
STL:8.57142857143
PTS:113.77142857
TOV:15.7714285714
FG3M:11.5428571428
OREB:8.71428571429
FTA:20.4000000001
FGM:42.8857142857
BLK:8.65714285713
WINS:27
REB:45.0
DREB:36.2857142858
FTM:16.4571428571
FGA:85.5142857144
