FG3A:25.3055555555
gamesPlayed:36
AST:22.638888889
STL:7.80555555556
PTS:107.111111111
TOV:13.1944444445
FG3M:9.77777777775
OREB:8.97222222223
FTA:19.7777777776
FGM:41.0555555556
BLK:4.66666666668
WINS:19
REB:41.8888888889
DREB:32.9166666664
FTM:15.2222222223
FGA:85.8611111111
