FG3A:27.4838709677
gamesPlayed:31
AST:23.2258064515
STL:8.3870967742
PTS:107.000000001
TOV:16.0967741933
FG3M:9.09677419354
OREB:10.8709677419
FTA:23.8387096774
FGM:40.6774193548
BLK:5.41935483869
WINS:11
REB:46.3225806451
DREB:35.4516129031
FTM:16.5483870967
FGA:89.3870967743
