FG3A:27.3235294119
gamesPlayed:34
AST:20.5294117646
STL:7.35294117648
PTS:97.1176470589
TOV:13.7647058824
FG3M:9.41176470588
OREB:8.67647058822
FTA:21.4705882355
FGM:35.3235294117
BLK:5.29411764706
WINS:10
REB:39.6470588235
DREB:30.9705882353
FTM:17.0588235294
FGA:80.6176470589
