FG3A:31.7428571429
gamesPlayed:35
AST:21.257142857
STL:7.40000000001
PTS:100.428571429
TOV:15.0571428569
FG3M:11.7999999999
OREB:7.97142857143
FTA:18.6285714287
FGM:37.2571428571
BLK:4.94285714287
WINS:19
REB:41.1714285714
DREB:33.1999999999
FTM:14.1142857144
FGA:81.4857142856
