FG3A:22.696969697
gamesPlayed:33
AST:22.9696969696
STL:8.81818181818
PTS:108.272727272
TOV:12.8787878789
FG3M:8.24242424244
OREB:10.4242424242
FTA:24.1212121213
FGM:40.3636363636
BLK:3.81818181819
WINS:21
REB:41.4848484848
DREB:31.0606060608
FTM:19.303030303
FGA:84.6363636363
