FG3A:21.8437500001
gamesPlayed:32
AST:22.6875
STL:7.09375
PTS:104.593750001
TOV:14.9374999999
FG3M:8.0
OREB:11.03125
FTA:20.1562499999
FGM:40.2500000002
BLK:4.6875
WINS:17
REB:44.2499999999
DREB:33.21875
FTM:16.09375
FGA:85.6249999999
