FG3A:28.0571428574
gamesPlayed:35
AST:20.6285714286
STL:9.82857142856
PTS:103.371428571
TOV:14.0857142857
FG3M:10.1428571428
OREB:11.9142857143
FTA:22.4285714286
FGM:38.5714285714
BLK:5.25714285716
WINS:20
REB:43.6571428571
DREB:31.7428571429
FTM:16.0857142857
FGA:85.9142857142
