FG3A:29.3142857144
gamesPlayed:35
AST:22.9999999999
STL:7.45714285715
PTS:104.885714284
TOV:14.4571428572
FG3M:10.5142857143
OREB:8.31428571429
FTA:20.8285714286
FGM:39.4857142859
BLK:4.77142857143
WINS:11
REB:41.3428571428
DREB:33.0285714286
FTM:15.3999999999
FGA:86.3714285716
