FG3A:24.7272727273
gamesPlayed:33
AST:18.1515151516
STL:6.60606060605
PTS:101.666666667
TOV:13.9393939393
FG3M:9.18181818183
OREB:9.78787878784
FTA:21.0000000001
FGM:37.8787878788
BLK:5.30303030302
WINS:17
REB:44.8484848487
DREB:35.0606060606
FTM:16.7272727273
FGA:85.5454545455
