FG3A:22.0555555556
gamesPlayed:36
AST:20.6944444444
STL:8.1388888889
PTS:96.888888889
TOV:13.6666666667
FG3M:8.44444444443
OREB:9.08333333333
FTA:16.2222222223
FGM:38.3055555556
BLK:4.6111111111
WINS:12
REB:39.6944444444
DREB:30.6111111111
FTM:11.8333333332
FGA:85.0555555554
