FG3A:29.9722222222
gamesPlayed:36
AST:21.0277777778
STL:9.11111111111
PTS:101.5
TOV:14.111111111
FG3M:11.3333333334
OREB:8.58333333333
FTA:20.0277777779
FGM:37.0
BLK:4.75000000001
WINS:16
REB:40.4444444444
DREB:31.8611111111
FTM:16.1666666668
FGA:82.1666666667
