UTA:37.3337361111
ORL:39.0531680195
SAC:40.495048144
PHX:40.691495198
DET:41.1847127123
MEM:41.5161786942
BKN:41.6325017182
SAS:41.6788333333
POR:42.1469076818
NYK:42.1615568064
CHA:42.9940069444
DAL:44.3299190289
ATL:45.6812174915
WAS:46.0647217728
LAC:47.2182994917
BOS:48.1644004944
TOR:48.1745335102
IND:49.0989585105
LAL:49.9498983
MIA:51.077026708
PHI:51.285351431
CLE:52.4855422691
CHI:52.9118092302
MIL:55.2223626553
OKC:55.6658091974
GSW:56.1038151465
DEN:58.2315607302
NOP:58.5808656966
HOU:59.5567361111
MIN:63.3729498439
