FG3A:28.7575757574
gamesPlayed:33
AST:24.3333333334
STL:8.45454545456
PTS:103.757575758
TOV:15.1818181818
FG3M:10.9393939394
OREB:8.99999999999
FTA:20.1212121211
FGM:38.4848484849
BLK:4.00000000001
WINS:8
REB:39.5454545456
DREB:30.5454545456
FTM:15.8484848486
FGA:84.0606060605
