FG3A:24.8055555555
gamesPlayed:36
AST:20.2222222223
STL:6.36111111112
PTS:103.722222222
TOV:13.2222222222
FG3M:8.61111111113
OREB:10.6944444443
FTA:27.7499999999
FGM:37.3888888889
BLK:4.61111111111
WINS:12
REB:46.6666666666
DREB:35.9722222221
FTM:20.3333333336
FGA:85.8611111109
