FG3A:29.4375000002
gamesPlayed:32
AST:23.2500000001
STL:7.06250000001
PTS:99.9062499999
TOV:12.6874999999
FG3M:10.3437499999
OREB:9.5
FTA:17.90625
FGM:38.28125
BLK:3.65625000001
WINS:11
REB:44.90625
DREB:35.4062499999
FTM:13.0000000001
FGA:88.0624999999
