FG3A:33.0303030302
gamesPlayed:33
AST:23.8484848485
STL:7.36363636365
PTS:111.030303032
TOV:13.9393939393
FG3M:12.7878787879
OREB:8.27272727274
FTA:22.5151515151
FGM:40.0
BLK:3.63636363636
WINS:23
REB:41.5454545456
DREB:33.2727272725
FTM:18.2424242425
FGA:83.1515151515
