FG3A:31.6216216218
gamesPlayed:37
AST:22.027027027
STL:6.70270270271
PTS:100.08108108
TOV:12.4594594593
FG3M:11.4054054054
OREB:7.67567567569
FTA:18.0540540541
FGM:37.3783783785
BLK:3.70270270271
WINS:11
REB:40.7297297297
DREB:33.054054054
FTM:13.9189189189
FGA:84.0
