FG3A:43.4285714286
gamesPlayed:35
AST:22.9428571428
STL:9.11428571429
PTS:115.314285717
TOV:14.8285714285
FG3M:16.1428571428
OREB:9.17142857144
FTA:25.6857142858
FGM:39.3999999998
BLK:4.77142857144
WINS:28
REB:44.0285714285
DREB:34.8571428572
FTM:20.3714285714
FGA:83.9714285715
