FG3A:29.9696969697
gamesPlayed:33
AST:20.4848484847
STL:7.42424242424
PTS:104.393939396
TOV:13.9999999999
FG3M:10.6060606061
OREB:10.1515151514
FTA:24.1515151516
FGM:37.9696969698
BLK:4.90909090911
WINS:13
REB:43.0909090909
DREB:32.9393939392
FTM:17.8484848486
FGA:83.8181818182
