FG3A:25.0625000001
gamesPlayed:32
AST:22.5
STL:8.34374999999
PTS:105.15625
TOV:12.6562499999
FG3M:8.78124999998
OREB:7.49999999999
FTA:23.28125
FGM:39.3437499998
BLK:5.34374999999
WINS:17
REB:38.5937499999
DREB:31.09375
FTM:17.6874999999
FGA:81.8437500001
