FG3A:29.6176470589
gamesPlayed:34
AST:26.7647058824
STL:7.47058823529
PTS:111.147058822
TOV:15.6764705882
FG3M:11.5000000001
OREB:8.41176470586
FTA:21.5588235295
FGM:41.7352941178
BLK:4.82352941177
WINS:18
REB:42.9705882354
DREB:34.5588235294
FTM:16.1764705882
FGA:85.0588235294
