FG3A:30.1515151514
gamesPlayed:33
AST:25.9999999998
STL:8.42424242426
PTS:107.848484848
TOV:17.696969697
FG3M:10.5454545456
OREB:11.6363636365
FTA:23.3636363635
FGM:39.909090909
BLK:5.21212121212
WINS:15
REB:48.3636363635
DREB:36.7272727273
FTM:17.4848484848
FGA:87.3333333333
