FG3A:25.9166666667
gamesPlayed:36
AST:20.3055555556
STL:6.55555555555
PTS:105.583333333
TOV:15.2777777777
FG3M:8.63888888888
OREB:11.0555555556
FTA:25.8333333333
FGM:38.638888889
BLK:4.86111111111
WINS:13
REB:45.5555555553
DREB:34.5000000001
FTM:19.6666666666
FGA:87.2777777778
