FG3A:23.5749999999
gamesPlayed:40
AST:21.6999999998
STL:7.125
PTS:100.799999999
TOV:14.4999999999
FG3M:8.59999999999
OREB:9.85000000005
FTA:18.35
FGM:38.8750000002
BLK:5.97500000003
WINS:29
REB:45.325
DREB:35.4749999999
FTM:14.4499999998
FGA:83.15
