FG3A:31.375
gamesPlayed:32
AST:22.5625
STL:8.71875000001
PTS:110.031250001
TOV:13.4374999999
FG3M:11.0000000001
OREB:9.15625
FTA:23.0937499999
FGM:40.3749999999
BLK:5.68749999998
WINS:22
REB:42.0625000001
DREB:32.9062500002
FTM:18.2812500001
FGA:85.1874999999
