FG3A:26.0571428572
gamesPlayed:35
AST:22.5714285716
STL:7.68571428572
PTS:105.62857143
TOV:13.1714285716
FG3M:9.37142857141
OREB:9.91428571427
FTA:23.2571428573
FGM:39.2571428572
BLK:4.25714285713
WINS:19
REB:43.2857142855
DREB:33.3714285714
FTM:17.7428571429
FGA:86.0
