MEM:35.386016616
ORL:36.5668217596
UTA:36.8262314815
SAC:37.0331952497
ATL:38.1421208708
NYK:38.202249154
CHA:38.2580436042
PHX:39.1408796296
BKN:40.7162817642
DET:41.2908028629
LAL:41.3187394276
DAL:42.1678086314
POR:42.4742409793
WAS:42.8914315608
LAC:43.7840281475
SAS:45.5706898148
MIA:45.6175498375
PHI:47.7342207207
IND:50.145556413
BOS:50.4367459561
CHI:51.4911658828
MIL:53.842625
NOP:54.2699784017
TOR:54.4970879899
DEN:55.5134329847
CLE:56.7920474431
OKC:59.71932306
MIN:62.7824768724
GSW:63.4992922181
HOU:63.5324027778
